
108406000
050070260
090000003
000090084
005608700
480010000
900000020
012060050
000809406
n
070020046
060000890
200800715
084097000
710000059
000130480
697002008
058000060
430080070
n
040050008
002601490
603090020
730000609
800400070
021900080
100209706
270080000
004006000
n
800930002
009000040
702100960
200000090
060000070
070006005
027008406
030000500
500062008
n
000006080
009105372
080700016
000000034
000351000
730000000
610008020
823904600
070600000
n
060300804
537090000
040006307
090051238
000000000
713620040
306400010
000060523
102009080
n
067409030
008010409
000080050
090030067
001608900
780090010
030060000
802040600
070803540
n
300700060
020060009
005009047
004000008
030941070
900000600
280300700
400020050
070006003